unix,open,high,low,close,volume,close_time,quote_av,trades,tb_base_av,tb_quote_av,ignore
1597104000000,0.12866000,0.16980000,0.11085000,0.11488000,3143511.00000000,1597190399999,382496.36257900,1859,1225864.80000000,148725.16191100,0
1597190400000,0.11489000,0.13337000,0.10743000,0.13300000,7524016.90000000,1597276799999,918258.11065600,4231,3233946.50000000,395625.92899100,0
1597276800000,0.13275000,0.13275000,0.11483000,0.12056000,5492164.70000000,1597363199999,668338.44761700,3056,2437884.20000000,296228.00038200,0
1597363200000,0.12071000,0.14415000,0.11552000,0.13540000,9709035.90000000,1597449599999,1255398.10088000,6429,4151163.50000000,536276.91355300,0
1597449600000,0.13540000,0.16000000,0.13000000,0.14240000,15042252.90000000,1597535999999,2161512.40616100,11495,7106303.40000000,1023552.80305200,0
1597536000000,0.14288000,0.14398000,0.13103000,0.13450000,4565178.30000000,1597622399999,616763.22191200,2902,1782388.40000000,241368.21082000,0
1597622400000,0.13440000,0.14614000,0.12814000,0.13451000,8301865.10000000,1597708799999,1145815.27375400,6074,3754378.70000000,518824.24891000,0
1597708800000,0.13457000,0.13842000,0.11500000,0.12414000,3925987.60000000,1597795199999,507945.76497400,2380,1630452.50000000,212783.15666200,0
1597795200000,0.12406000,0.12533000,0.11016000,0.11470000,4209580.50000000,1597881599999,492050.11693600,2521,1789639.90000000,208901.62450300,0
1597881600000,0.11551000,0.12587000,0.11470000,0.12266000,3713186.40000000,1597967999999,448716.74554600,2660,1714177.10000000,207808.63632700,0
1597968000000,0.12267000,0.12269000,0.09162000,0.10672000,4486665.90000000,1598054399999,516709.20722500,2910,1645784.60000000,189099.27171200,0
1598054400000,0.10762000,0.12846000,0.09920000,0.12439000,5631193.60000000,1598140799999,648840.04717800,3417,2758785.00000000,319059.81851100,0
1598140800000,0.12434000,0.13415000,0.11700000,0.12176000,9612816.80000000,1598227199999,1207348.79105900,5475,3925750.70000000,494932.27578900,0
1598227200000,0.12162000,0.13480000,0.11753000,0.12780000,6691486.20000000,1598313599999,860104.04191400,3778,3288726.20000000,423344.04575100,0
1598313600000,0.12784000,0.13577000,0.11164000,0.11953000,7043605.80000000,1598399999999,883791.59365500,3781,3504385.20000000,440179.08669100,0
1598400000000,0.11961000,0.12949000,0.11701000,0.12782000,4542836.60000000,1598486399999,557375.52759900,2690,2347434.10000000,288294.96440300,0
1598486400000,0.12750000,0.15330000,0.12746000,0.14632000,32113528.30000000,1598572799999,4558852.61687400,20189,15582148.80000000,2210849.76157900,0
1598572800000,0.14608000,0.18900000,0.14445000,0.17821000,32927840.50000000,1598659199999,5741881.70027200,24352,15201487.20000000,2648644.16447700,0
1598659200000,0.17821000,0.20580000,0.17164000,0.17220000,29417722.50000000,1598745599999,5587215.77430100,21153,13953329.50000000,2654362.27497800,0
1598745600000,0.17228000,0.17844000,0.16197000,0.16467000,12026988.30000000,1598831999999,2043965.89616400,7784,5469909.30000000,930312.15775500,0
1598832000000,0.16462000,0.17370000,0.15950000,0.16046000,7931909.10000000,1598918399999,1307321.33432800,5454,3371130.40000000,557283.58257900,0
1598918400000,0.16019000,0.16226000,0.14581000,0.15153000,13728071.50000000,1599004799999,2118877.81729900,9064,6612313.30000000,1021463.21699900,0
1599004800000,0.15224000,0.15838000,0.13580000,0.14244000,8255346.70000000,1599091199999,1216439.82129800,5830,3580234.60000000,527443.39752900,0
1599091200000,0.14244000,0.14344000,0.09828000,0.09950000,11846539.60000000,1599177599999,1457882.82640700,5792,4840606.50000000,597729.66280400,0
1599177600000,0.09935000,0.16148000,0.09850000,0.14651000,36220320.50000000,1599263999999,4841458.54187900,19034,17415861.00000000,2319214.01249800,0
1599264000000,0.14713000,0.15557000,0.11100000,0.12640000,29386967.50000000,1599350399999,3937120.47090100,17086,12999791.50000000,1750335.12280300,0
1599350400000,0.12683000,0.14795000,0.11393000,0.13141000,19435034.80000000,1599436799999,2578225.02573500,10795,10023395.10000000,1329628.32968800,0
1599436800000,0.13133000,0.13648000,0.10930000,0.12900000,16775087.60000000,1599523199999,2032997.73894900,8313,9081760.70000000,1101837.54098900,0
1599523200000,0.12922000,0.13005000,0.11032000,0.11568000,8523580.40000000,1599609599999,1007842.61105600,4493,4224893.10000000,498344.84918000,0
1599609600000,0.11532000,0.12351000,0.10900000,0.11747000,7407909.80000000,1599695999999,868466.53023300,4417,3028273.50000000,355544.04573700,0
1599696000000,0.11761000,0.12832000,0.11718000,0.12013000,7781433.80000000,1599782399999,950388.79907200,4528,3981168.90000000,486342.72076300,0
1599782400000,0.12013000,0.14365000,0.11345000,0.13369000,17539326.40000000,1599868799999,2307215.62360000,11187,8740405.90000000,1150455.91183600,0
1599868800000,0.13339000,0.13624000,0.12666000,0.13083000,5259546.20000000,1599955199999,686166.21385400,3868,2406808.40000000,314983.73807700,0
1599955200000,0.13098000,0.13523000,0.11664000,0.12118000,6509929.50000000,1600041599999,820657.54433800,5001,2854627.50000000,361990.75304000,0
1600041600000,0.12048000,0.12410000,0.11689000,0.11950000,3899771.10000000,1600127999999,469344.38367500,3182,1791607.80000000,215337.44275900,0
1600128000000,0.11976000,0.13497000,0.11475000,0.11591000,13119522.90000000,1600214399999,1624467.77889300,7558,6171755.50000000,766515.00253600,0
1600214400000,0.11591000,0.12930000,0.10971000,0.12048000,8407677.30000000,1600300799999,1016965.46732600,5223,4414719.40000000,536042.14179200,0
1600300800000,0.12047000,0.12572000,0.11173000,0.11955000,6106778.90000000,1600387199999,716762.49308000,5816,3329692.20000000,390831.63868700,0
1600387200000,0.11947000,0.12397000,0.11422000,0.11832000,7253764.80000000,1600473599999,867259.12355700,8200,3327672.50000000,398084.84104200,0
1600473600000,0.11911000,0.11992000,0.11203000,0.11660000,6546250.20000000,1600559999999,755079.05825100,5737,3173520.20000000,365565.69417600,0
1600560000000,0.11657000,0.11913000,0.10008000,0.10449000,10542584.60000000,1600646399999,1151122.35679400,9151,4722067.20000000,515822.31056000,0
1600646400000,0.10457000,0.10590000,0.08232000,0.08440000,15242952.10000000,1600732799999,1403826.38256000,11167,7034518.00000000,649202.10864800,0
1600732800000,0.08441000,0.08968000,0.08197000,0.08725000,7601218.20000000,1600819199999,653274.90437900,5920,3799987.20000000,326553.44718800,0
1600819200000,0.08699000,0.09281000,0.07494000,0.07613000,13043271.20000000,1600905599999,1088614.14238300,8971,5881422.10000000,491856.06859400,0
1600905600000,0.07616000,0.08699000,0.07556000,0.08549000,7267462.70000000,1600991999999,577252.59687200,6061,4197952.80000000,333797.52677800,0
1600992000000,0.08544000,0.09693000,0.08039000,0.09414000,8871333.00000000,1601078399999,785979.01209600,5573,3985735.00000000,352259.14777500,0
1601078400000,0.09470000,0.09943000,0.08969000,0.09738000,7622571.10000000,1601164799999,724933.38208500,5964,3514476.30000000,333772.56504900,0
1601164800000,0.09755000,0.09955000,0.08676000,0.09307000,6635973.20000000,1601251199999,608189.56351300,4575,3326566.60000000,303751.29887000,0
1601251200000,0.09395000,0.11330000,0.09388000,0.10439000,15971479.60000000,1601337599999,1693584.98326700,17478,7735691.00000000,820291.02541400,0
1601337600000,0.10439000,0.12034000,0.10227000,0.11590000,18292585.80000000,1601423999999,2094775.14094800,19968,8821529.70000000,1011467.10332900,0
1601424000000,0.11593000,0.12025000,0.11066000,0.11476000,8125837.70000000,1601510399999,932196.02334800,9433,4029172.70000000,461655.11086200,0
1601510400000,0.11487000,0.11572000,0.10153000,0.10546000,6701695.10000000,1601596799999,729259.76301700,6523,2833656.90000000,307253.85032000,0
1601596800000,0.10487000,0.10872000,0.08900000,0.09834000,11476248.70000000,1601683199999,1118055.04415000,8012,5674767.10000000,551299.72028700,0
1601683200000,0.09844000,0.10681000,0.09704000,0.10343000,5146121.00000000,1601769599999,524097.02975400,4743,2410065.10000000,246282.57737600,0
1601769600000,0.10313000,0.10514000,0.09838000,0.10490000,4479641.00000000,1601855999999,456335.19573600,4021,2262421.10000000,230268.88879300,0
1601856000000,0.10465000,0.11000000,0.10227000,0.10794000,5916612.90000000,1601942399999,626072.65116300,4935,2945488.70000000,311227.49958200,0
1601942400000,0.10829000,0.10829000,0.09478000,0.09640000,6856489.70000000,1602028799999,688844.70288700,6649,3067029.40000000,308566.27529600,0
1602028800000,0.09531000,0.09649000,0.08738000,0.09566000,7193245.90000000,1602115199999,655156.89134500,6452,3640132.10000000,331316.35584300,0
1602115200000,0.09591000,0.10369000,0.09197000,0.10259000,8356433.00000000,1602201599999,817383.45905100,7739,4411115.40000000,431593.86478100,0
1602201600000,0.10247000,0.10694000,0.09863000,0.10280000,6483503.50000000,1602287999999,670111.12430400,5786,3363411.60000000,347742.84497100,0
1602288000000,0.10316000,0.13100000,0.10204000,0.12585000,22660836.80000000,1602374399999,2705622.89417600,17889,12000387.00000000,1426405.06481800,0
1602374400000,0.12581000,0.12773000,0.11567000,0.11873000,13728460.20000000,1602460799999,1663018.91740300,9440,6532350.70000000,791095.77991300,0
1602460800000,0.11923000,0.12241000,0.11114000,0.11340000,18951345.60000000,1602547199999,2210854.58865800,13264,8218325.20000000,956766.52512800,0
1602547200000,0.11339000,0.11800000,0.10758000,0.11230000,12598182.80000000,1602633599999,1426630.96241200,9433,6374407.70000000,721223.28794700,0
1602633600000,0.11269000,0.11695000,0.09872000,0.10170000,13507131.90000000,1602719999999,1438434.09752500,9818,6284608.60000000,669685.47389500,0
1602720000000,0.10169000,0.10177000,0.09563000,0.09592000,8401440.40000000,1602806399999,827226.00124600,6008,3686459.70000000,363234.86855000,0
1602806400000,0.09593000,0.09622000,0.08406000,0.08445000,14567290.20000000,1602892799999,1289601.01228600,7987,7351102.80000000,648986.10682400,0
1602892800000,0.08446000,0.09200000,0.08222000,0.08873000,4929181.20000000,1602979199999,429530.25401300,3194,2277695.20000000,198848.22901700,0
1602979200000,0.08873000,0.09425000,0.08811000,0.09115000,4280786.70000000,1603065599999,392928.06821600,3414,2044308.10000000,187739.12574400,0
1603065600000,0.09108000,0.09108000,0.08081000,0.08267000,8970388.10000000,1603151999999,762701.82120900,5540,4236474.60000000,360196.64056900,0
1603152000000,0.08252000,0.08267000,0.07507000,0.07615000,10450371.00000000,1603238399999,823205.47478100,6108,4785822.80000000,377117.93470600,0
1603238400000,0.07644000,0.08500000,0.07630000,0.07901000,10473265.20000000,1603324799999,842535.68130100,5485,5160162.90000000,415035.37150900,0
1603324800000,0.07873000,0.08874000,0.07873000,0.08521000,9990684.80000000,1603411199999,849811.33794700,5668,5288830.60000000,450038.24378600,0
1603411200000,0.08508000,0.08521000,0.07860000,0.08078000,7404238.50000000,1603497599999,605580.43418300,4154,3522723.30000000,288436.46128800,0
1603497600000,0.08055000,0.08970000,0.07980000,0.08769000,8791831.90000000,1603583999999,744519.07707500,5067,4047018.90000000,342242.58211700,0
1603584000000,0.08724000,0.09189000,0.08341000,0.08640000,14080082.10000000,1603670399999,1227034.68626500,7680,6358945.00000000,554312.70314900,0
1603670400000,0.08648000,0.08718000,0.07600000,0.07829000,9865331.90000000,1603756799999,801893.91161300,4790,4632254.90000000,375928.09539900,0
1603756800000,0.07839000,0.08053000,0.07500000,0.07742000,8030031.60000000,1603843199999,623059.06862800,4551,3566359.90000000,276884.21052100,0
1603843200000,0.07729000,0.07775000,0.06595000,0.06831000,8100577.00000000,1603929599999,576907.74360700,4299,3132183.90000000,221088.28326600,0
1603929600000,0.06810000,0.06994000,0.06419000,0.06559000,4244960.50000000,1604015999999,282969.73105200,2534,1779960.10000000,119005.78840600,0
1604016000000,0.06558000,0.06671000,0.05869000,0.06282000,6591359.50000000,1604102399999,408455.78097800,3594,3064967.60000000,190265.60462500,0
1604102400000,0.06277000,0.06423000,0.05947000,0.05991000,5077910.30000000,1604188799999,314170.30207800,2429,2767246.20000000,171857.23697300,0
1604188800000,0.05978000,0.06094000,0.05767000,0.05913000,6690946.30000000,1604275199999,396842.13267800,3497,3466425.60000000,205465.80485400,0
1604275200000,0.05918000,0.06100000,0.05667000,0.05754000,7439253.50000000,1604361599999,438957.72725700,3266,4827609.10000000,284862.99450400,0
1604361600000,0.05758000,0.05773000,0.05223000,0.05430000,11990548.40000000,1604447999999,646577.24766800,4144,6532510.90000000,351060.17130700,0
1604448000000,0.05404000,0.05571000,0.05011000,0.05302000,9134381.70000000,1604534399999,482655.67938300,3992,4850533.50000000,256605.92988100,0
1604534400000,0.05322000,0.05764000,0.05159000,0.05668000,13374052.30000000,1604620799999,729006.92527600,5190,6598820.30000000,361234.66011100,0
1604620800000,0.05674000,0.06843000,0.05642000,0.06731000,14154680.70000000,1604707199999,873084.34773500,7477,7782007.40000000,480148.19347900,0
1604707200000,0.06709000,0.07768000,0.06021000,0.06308000,25896549.20000000,1604793599999,1787155.52658600,14929,12323178.30000000,851173.84557900,0
1604793600000,0.06313000,0.07299000,0.06180000,0.07100000,15389916.40000000,1604879999999,1045841.55698700,7337,7916333.90000000,537090.21389100,0
1604880000000,0.07130000,0.07378000,0.06648000,0.06898000,10611334.20000000,1604966399999,739515.97725200,5575,5372280.40000000,374342.58304500,0
1604966400000,0.06876000,0.08245000,0.06851000,0.08053000,14172471.40000000,1605052799999,1084916.39934500,7006,7385179.10000000,564925.62225800,0
1605052800000,0.08053000,0.08382000,0.07290000,0.07386000,9936852.70000000,1605139199999,784691.95920500,5339,4587685.70000000,363626.01064800,0
1605139200000,0.07386000,0.07757000,0.06699000,0.06835000,7587651.00000000,1605225599999,548265.03390300,3580,3567690.20000000,256696.23596200,0
1605225600000,0.06857000,0.07627000,0.06856000,0.07322000,6609985.80000000,1605311999999,478257.45504600,3392,3743700.50000000,270926.37088700,0
1605312000000,0.07337000,0.07337000,0.06413000,0.07029000,12061965.60000000,1605398399999,821967.34708600,5909,6066155.30000000,413485.29564400,0
1605398400000,0.07069000,0.07349000,0.06272000,0.06532000,10096808.90000000,1605484799999,682050.33575900,4739,4578480.10000000,309574.85487600,0
1605484800000,0.06511000,0.07060000,0.06390000,0.06785000,9458647.00000000,1605571199999,638901.90624200,4402,4512420.20000000,305849.76633700,0
1605571200000,0.06763000,0.07385000,0.06702000,0.06971000,11740711.40000000,1605657599999,825542.55107700,6622,5887077.00000000,413679.81215100,0
1605657600000,0.06979000,0.07051000,0.06102000,0.06505000,12660580.00000000,1605743999999,826323.31002200,5739,6245709.50000000,407673.21917300,0
1605744000000,0.06498000,0.06785000,0.06156000,0.06671000,9245408.00000000,1605830399999,597196.12877700,4886,4852359.20000000,314170.57049900,0
1605830400000,0.06675000,0.07173000,0.06581000,0.06677000,16134134.30000000,1605916799999,1107125.13107500,8084,7457283.60000000,512194.86308600,0
1605916800000,0.06680000,0.07788000,0.06490000,0.07587000,18755325.10000000,1606003199999,1360851.29043200,12710,10218131.60000000,742289.59072400,0
1606003200000,0.07584000,0.09390000,0.07249000,0.08695000,36034983.30000000,1606089599999,2967679.47189700,23117,19607991.40000000,1619855.17727400,0
1606089600000,0.08734000,0.09265000,0.08062000,0.08528000,27831553.90000000,1606175999999,2403626.32918000,18697,14186505.70000000,1226698.97265200,0
1606176000000,0.08526000,0.10269000,0.08411000,0.09479000,33663272.70000000,1606262399999,3168956.31102500,23554,18012045.20000000,1695599.77845400,0
1606262400000,0.09489000,0.10635000,0.08522000,0.08941000,29518015.50000000,1606348799999,2868185.28008700,20986,15274518.90000000,1487242.85387600,0
1606348800000,0.08949000,0.09522000,0.06755000,0.07552000,32255853.30000000,1606435199999,2435028.63054100,16823,15345032.10000000,1161107.29908500,0
1606435200000,0.07567000,0.07870000,0.06851000,0.07315000,12703878.90000000,1606521599999,932382.22404200,8575,6231657.20000000,457166.36030600,0
1606521600000,0.07352000,0.07638000,0.06999000,0.07308000,7725889.00000000,1606607999999,565625.73461700,5725,3878761.80000000,284482.94148300,0
1606608000000,0.07319000,0.07728000,0.07132000,0.07406000,9534224.60000000,1606694399999,707361.71498200,6496,4648881.50000000,345255.71477400,0
1606694400000,0.07406000,0.07838000,0.07232000,0.07720000,9840877.10000000,1606780799999,742557.50862300,7061,4460852.90000000,336821.71133500,0
1606780800000,0.07722000,0.08215000,0.07311000,0.07723000,15767197.80000000,1606867199999,1234086.61596400,9587,8297654.70000000,649308.92916400,0
1606867200000,0.07701000,0.08667000,0.07589000,0.08274000,12603803.90000000,1606953599999,1034899.70147500,8584,6434971.20000000,529503.36642500,0
1606953600000,0.08229000,0.08318000,0.08026000,0.08153000,6800080.30000000,1607039999999,554985.23830700,5217,3349218.60000000,273601.17152300,0
1607040000000,0.08138000,0.08280000,0.07280000,0.07389000,8773200.10000000,1607126399999,684344.25141900,5996,4369895.00000000,341173.62970600,0
1607126400000,0.07358000,0.07732000,0.07263000,0.07670000,5292831.80000000,1607212799999,398066.17774700,3571,2516658.30000000,189594.06118500,0
1607212800000,0.07678000,0.07783000,0.07260000,0.07590000,6107041.60000000,1607299199999,456634.76037600,4149,2996432.30000000,223537.16945000,0
1607299200000,0.07578000,0.07584000,0.07282000,0.07421000,4211005.90000000,1607385599999,313611.62672400,3349,2349710.30000000,175108.28464000,0
1607385600000,0.07380000,0.07530000,0.06726000,0.06856000,7726135.30000000,1607471999999,556323.86178800,5203,3352095.80000000,241802.38455300,0
1607472000000,0.06851000,0.06926000,0.06391000,0.06837000,6787893.90000000,1607558399999,454771.77605000,4531,3841586.70000000,257525.73727700,0
1607558400000,0.06850000,0.06884000,0.06458000,0.06560000,4588214.30000000,1607644799999,305121.37134000,3298,1678895.10000000,112012.34081700,0
1607644800000,0.06584000,0.06584000,0.06002000,0.06120000,7960292.00000000,1607731199999,497955.19559600,4954,4274732.80000000,267821.31617500,0
1607731200000,0.06136000,0.06576000,0.06116000,0.06468000,6385042.20000000,1607817599999,411522.00265400,3833,2955494.30000000,190268.62336900,0
1607817600000,0.06492000,0.07046000,0.06390000,0.07028000,12781966.20000000,1607903999999,865364.20684300,8258,6165800.90000000,417604.45813300,0
1607904000000,0.07030000,0.07130000,0.06822000,0.06988000,8523376.60000000,1607990399999,593715.34174000,5446,4087229.80000000,285120.79677300,0
1607990400000,0.06994000,0.07050000,0.06714000,0.06768000,7265077.10000000,1608076799999,498488.36645200,4675,3538830.20000000,242980.74610900,0
1608076800000,0.06777000,0.06991000,0.06618000,0.06839000,9114953.80000000,1608163199999,619991.18308400,7724,4120501.20000000,280529.33395400,0
1608163200000,0.06828000,0.07034000,0.06442000,0.06523000,23593918.30000000,1608249599999,1601624.08372000,20066,11835511.50000000,804352.45413400,0
1608249600000,0.06524000,0.06783000,0.06402000,0.06749000,5349175.30000000,1608335999999,355047.77032700,4152,2578170.00000000,171254.59489200,0
1608336000000,0.06749000,0.07269000,0.06704000,0.07130000,15804570.60000000,1608422399999,1118941.41713200,10703,8017504.30000000,567786.43652300,0
1608422400000,0.07106000,0.07634000,0.06830000,0.06920000,17163488.80000000,1608508799999,1252173.27157800,11685,8992514.10000000,657121.88504300,0
1608508800000,0.06920000,0.07024000,0.06237000,0.06363000,10260502.50000000,1608595199999,682019.33770700,6960,4749598.90000000,315336.17166900,0
1608595200000,0.06400000,0.06533000,0.05853000,0.06191000,8641164.10000000,1608681599999,534757.28383300,5463,4155553.20000000,257919.57849400,0
1608681600000,0.06206000,0.06250000,0.04521000,0.04919000,16494957.20000000,1608767999999,899450.62878000,9616,8284970.80000000,451147.87221200,0
1608768000000,0.04925000,0.05849000,0.04670000,0.05807000,14960833.30000000,1608854399999,762970.61022500,7910,7374724.80000000,378087.68981600,0
1608854400000,0.05824000,0.06149000,0.05518000,0.05711000,10247769.10000000,1608940799999,595254.14542600,5501,5296899.20000000,307934.27574000,0
1608940800000,0.05691000,0.05946000,0.05166000,0.05928000,18102966.80000000,1609027199999,991759.67044000,10262,9227092.70000000,506046.54082200,0
1609027200000,0.05930000,0.07429000,0.05690000,0.06694000,42315474.90000000,1609113599999,2803665.81194000,20679,21346606.60000000,1414867.78044900,0
1609113600000,0.06720000,0.07777000,0.06670000,0.07246000,44385944.20000000,1609199999999,3292304.71143100,22121,23203756.40000000,1723238.06117100,0
1609200000000,0.07246000,0.07397000,0.06413000,0.06734000,20403831.90000000,1609286399999,1382274.20704900,10490,9591423.70000000,649410.39601000,0
1609286400000,0.06737000,0.06770000,0.06213000,0.06409000,10314068.40000000,1609372799999,663725.58655100,6294,5130853.30000000,329859.25654500,0
1609372800000,0.06421000,0.06438000,0.05846000,0.06044000,11017290.90000000,1609459199999,669964.06935900,6274,5657191.70000000,343741.30939800,0
1609459200000,0.06059000,0.06946000,0.05961000,0.06529000,16030832.70000000,1609545599999,1051031.37889600,8401,7916613.00000000,519708.98242900,0
1609545600000,0.06528000,0.06542000,0.06230000,0.06286000,9644580.50000000,1609631999999,615739.74987100,6160,4535440.40000000,289811.12177000,0
1609632000000,0.06273000,0.06871000,0.06100000,0.06747000,16575541.80000000,1609718399999,1067874.63113600,9243,8504664.30000000,548451.36920100,0
1609718400000,0.06798000,0.07598000,0.06400000,0.07192000,22533824.90000000,1609804799999,1558398.64153100,14389,10983906.90000000,761424.49587600,0
1609804800000,0.07192000,0.08327000,0.06830000,0.08112000,50136023.70000000,1609891199999,3782487.43534300,22913,24848011.80000000,1885676.63091600,0
1609891200000,0.08165000,0.09420000,0.07800000,0.08449000,43615558.60000000,1609977599999,3769776.92465000,24616,23022399.00000000,1990856.67457800,0
1609977600000,0.08469000,0.09543000,0.07650000,0.08055000,32505736.10000000,1610063999999,2800424.67668200,21121,15858223.50000000,1366945.36474700,0
1610064000000,0.08055000,0.08295000,0.06800000,0.07881000,33890766.20000000,1610150399999,2592042.69616500,17720,16949350.10000000,1297290.73290100,0
1610150400000,0.07881000,0.09472000,0.07550000,0.09049000,26507374.00000000,1610236799999,2278093.76730200,17406,13585472.90000000,1169289.25716200,0
1610236800000,0.09049000,0.09814000,0.07987000,0.08772000,27401996.60000000,1610323199999,2483749.85586100,20439,13472874.60000000,1223897.70354900,0
1610323200000,0.08771000,0.08857000,0.06221000,0.07090000,45457519.50000000,1610409599999,3262058.48685500,19998,22614842.50000000,1624533.48307100,0
1610409600000,0.07075000,0.07657000,0.06568000,0.06926000,26005334.00000000,1610495999999,1837926.96215500,12164,13540982.90000000,957506.90691800,0
1610496000000,0.06943000,0.07876000,0.06602000,0.07830000,24202548.50000000,1610582399999,1763627.75149900,14945,12447494.90000000,906720.88538000,0
1610582400000,0.07830000,0.08260000,0.07471000,0.07942000,20963816.50000000,1610668799999,1648563.53413200,12262,10909453.90000000,857931.11061600,0
1610668800000,0.07965000,0.09300000,0.07642000,0.08594000,32377441.60000000,1610755199999,2749661.62569000,19819,16872366.30000000,1434689.03340300,0
1610755200000,0.08602000,0.10097000,0.08602000,0.09510000,36909502.30000000,1610841599999,3509079.68261800,23187,18702916.00000000,1781307.75006700,0
1610841600000,0.09503000,0.11200000,0.08831000,0.10774000,42451717.00000000,1610927999999,4181824.97735200,25678,22047469.80000000,2178633.04049000,0
1610928000000,0.10759000,0.11986000,0.10640000,0.11425000,34159705.60000000,1611014399999,3827639.69548500,26170,17554693.30000000,1970514.02935200,0
1611014400000,0.11380000,0.14763000,0.10810000,0.14029000,89471423.20000000,1611100799999,11820871.83282100,68304,47152477.90000000,6221800.10167900,0
1611100800000,0.14041000,0.16189000,0.13401000,0.15193000,119493293.80000000,1611187199999,17676541.69627100,140990,60920580.10000000,9027914.90116700,0
1611187200000,0.15193000,0.15254000,0.11523000,0.11617000,79231810.00000000,1611273599999,10351637.74050600,111053,39089858.10000000,5095855.92564600,0
1611273600000,0.11612000,0.14494000,0.10800000,0.13593000,67905440.10000000,1611359999999,8643598.29021300,99453,34537331.70000000,4404046.06221700,0
1611360000000,0.13593000,0.15200000,0.13313000,0.14328000,60488961.10000000,1611446399999,8609565.71109700,93010,31633009.00000000,4507444.83710000,0
1611446400000,0.14326000,0.15111000,0.12906000,0.13521000,47243976.50000000,1611532799999,6614979.19104200,73001,22574560.40000000,3165093.85507000,0
1611532800000,0.13526000,0.15082000,0.13128000,0.14891000,45592341.30000000,1611619199999,6380245.83345800,68358,23411132.60000000,3286020.57429200,0
1611619200000,0.14889000,0.15950000,0.13523000,0.14455000,41619353.10000000,1611705599999,6061825.23575600,60670,21211216.90000000,3093987.02467500,0
1611705600000,0.14439000,0.14464000,0.11785000,0.12452000,23451672.20000000,1611791999999,3022920.65378700,19653,11455493.90000000,1474545.14253500,0
1611792000000,0.12401000,0.14717000,0.12021000,0.13738000,26203885.50000000,1611878399999,3650825.08073500,25162,12481162.40000000,1736395.27324700,0
1611878400000,0.13712000,0.14357000,0.13132000,0.13700000,27970905.90000000,1611964799999,3838669.62380600,21864,12764225.20000000,1756489.39552600,0
1611964800000,0.13696000,0.14900000,0.13247000,0.13883000,22128226.80000000,1612051199999,3103858.31662900,20093,11615601.20000000,1631681.39070000,0
1612051200000,0.13878000,0.14500000,0.13041000,0.13401000,18413561.20000000,1612137599999,2504794.09563900,17208,8297092.40000000,1130388.94193400,0
1612137600000,0.13402000,0.16800000,0.13020000,0.16381000,47004103.50000000,1612223999999,7137150.96055500,43234,25512532.10000000,3886366.37945000,0
1612224000000,0.16389000,0.16728000,0.13979000,0.14804000,36879396.00000000,1612310399999,5561044.01616800,36944,16867609.30000000,2540340.39450500,0
1612310400000,0.14828000,0.16195000,0.14200000,0.15124000,40071258.70000000,1612396799999,6026834.33278400,36891,20802406.50000000,3148557.62558300,0
1612396800000,0.15124000,0.15750000,0.12503000,0.14221000,44907074.70000000,1612483199999,6500215.80093200,42500,21680906.20000000,3136643.63154300,0
1612483200000,0.14225000,0.16850000,0.14225000,0.16199000,48171584.20000000,1612569599999,7538267.86168700,51959,24790423.70000000,3876351.47453800,0
1612569600000,0.16192000,0.16370000,0.13900000,0.14467000,29643463.30000000,1612655999999,4414489.69500500,33029,12481743.00000000,1861451.16084400,0
1612656000000,0.14507000,0.14963000,0.13023000,0.14111000,32656999.70000000,1612742399999,4561065.56120800,34051,16007836.70000000,2239513.55359100,0
1612742400000,0.14110000,0.15150000,0.13718000,0.14532000,29408033.00000000,1612828799999,4270059.44082000,30001,13565914.30000000,1972198.80233700,0
1612828800000,0.14532000,0.17700000,0.14263000,0.17008000,63689311.30000000,1612915199999,10407717.88887600,55192,34247958.10000000,5608147.13784800,0
1612915200000,0.17007000,0.20399000,0.14358000,0.20301000,121193077.60000000,1613001599999,21796258.77073900,102812,60375452.20000000,10898888.01723500,0
1613001600000,0.20203000,0.21544000,0.18767000,0.19716000,74178158.10000000,1613087999999,15003085.50303800,64388,37648555.60000000,7612447.60073600,0
1613088000000,0.19762000,0.22894000,0.19006000,0.22050000,45143451.00000000,1613174399999,9684884.92584300,46047,23228977.20000000,4986725.55872500,0
1613174400000,0.22013000,0.23050000,0.19442000,0.22417000,38478709.60000000,1613260799999,8294555.17145400,44661,18745182.00000000,4048636.77864100,0
1613260800000,0.22415000,0.26766000,0.19611000,0.23469000,80609546.40000000,1613347199999,18966877.24246700,76807,41906309.30000000,9913146.63076800,0
1613347200000,0.23469000,0.24426000,0.18551000,0.20307000,71263825.20000000,1613433599999,15084163.10955500,69487,34709819.60000000,7356845.41685400,0
1613433600000,0.20289000,0.24269000,0.19417000,0.24081000,73951920.10000000,1613519999999,16232531.27156600,74413,37915874.20000000,8332608.46337500,0
1613520000000,0.24022000,0.26500000,0.21445000,0.23664000,65153839.10000000,1613606399999,15701350.53531000,68293,32921563.00000000,7933606.53787700,0
1613606400000,0.23671000,0.24531000,0.22803000,0.23928000,26428870.70000000,1613692799999,6266838.78765200,31379,13142638.90000000,3118066.85964000,0
1613692800000,0.23973000,0.24358000,0.22206000,0.22668000,33403698.10000000,1613779199999,7715879.29985100,35320,17223702.30000000,3983174.71554400,0
1613779200000,0.22755000,0.22872000,0.19000000,0.20321000,29630328.40000000,1613865599999,6396876.17240600,34993,14155246.90000000,3068016.01065900,0
1613865600000,0.20310000,0.21713000,0.19668000,0.20849000,19944565.30000000,1613951999999,4132003.29847200,26241,10646322.00000000,2208887.31977400,0
1613952000000,0.20804000,0.21230000,0.14740000,0.18774000,57273641.20000000,1614038399999,10535145.50996600,47972,28050782.70000000,5161746.77862900,0
1614038400000,0.18791000,0.19021000,0.11144000,0.14367000,93201475.80000000,1614124799999,13682065.54750000,59743,46316109.70000000,6783450.65877800,0
1614124800000,0.14384000,0.21663000,0.13352000,0.18283000,181646014.60000000,1614211199999,33484825.80186400,132447,92496216.90000000,17089689.02771700,0
1614211200000,0.18217000,0.19777000,0.15966000,0.16198000,68443300.80000000,1614297599999,12266627.51813900,50287,36242727.80000000,6503305.30957200,0
1614297600000,0.16235000,0.16709000,0.14402000,0.15461000,46024300.10000000,1614383999999,7225962.01630500,30187,23493586.30000000,3691532.01339600,0
1614384000000,0.15495000,0.18069000,0.15337000,0.17132000,44503803.80000000,1614470399999,7392920.56020100,35051,23227624.50000000,3857806.85088100,0
1614470400000,0.17118000,0.17799000,0.15015000,0.17114000,54252527.60000000,1614556799999,8891712.68469100,37527,28617892.10000000,4691288.59590700,0
1614556800000,0.17102000,0.19300000,0.16917000,0.18739000,36574988.40000000,1614643199999,6771356.64781700,33924,18779513.20000000,3478565.69383300,0
1614643200000,0.18743000,0.18991000,0.16530000,0.17438000,28128499.50000000,1614729599999,5001684.74981100,27873,13777275.10000000,2453345.58903400,0
1614729600000,0.17389000,0.23200000,0.17202000,0.21701000,112700958.50000000,1614815999999,24478444.31076900,89921,57558161.80000000,12477568.68388600,0
1614816000000,0.21650000,0.23920000,0.20150000,0.21699000,63705092.80000000,1614902399999,14081807.28321600,63255,33046764.70000000,7318644.37866700,0
1614902400000,0.21665000,0.23577000,0.20222000,0.22638000,39476133.20000000,1614988799999,8803959.41780500,41398,21311465.50000000,4764424.28263000,0
1614988800000,0.22698000,0.22979000,0.21245000,0.22284000,19451641.80000000,1615075199999,4307042.86472500,25468,9729177.40000000,2155249.66763000,0
1615075200000,0.22282000,0.27967000,0.21789000,0.27576000,82577254.90000000,1615161599999,21096427.02499400,80159,45534604.10000000,11640290.02803000,0
1615161600000,0.27577000,0.28466000,0.25169000,0.25919000,41738942.90000000,1615247999999,10984507.07574100,50482,19400692.00000000,5113953.70575500,0
1615248000000,0.25986000,0.39300000,0.25986000,0.36518000,103364949.70000000,1615334399999,34196053.70256300,128441,54845106.50000000,18099155.97597200,0
1615334400000,0.36514000,0.43700000,0.32885000,0.39454000,119210882.80000000,1615420799999,45370859.73978000,155127,62289700.50000000,23704777.80551600,0
1615420800000,0.39541000,0.52828000,0.38559000,0.38817000,167636839.90000000,1615507199999,74797002.04177600,217632,87324755.40000000,39016504.90747400,0
1615507200000,0.38845000,0.44950000,0.34440000,0.35210000,137291087.50000000,1615593599999,53671052.64161400,166381,67741511.00000000,26549535.95994200,0
1615593600000,0.35213000,0.43000000,0.34030000,0.38498000,87769148.70000000,1615679999999,33895165.03608300,109223,44976306.70000000,17390410.25493700,0
1615680000000,0.38426000,0.39000000,0.35022000,0.35050000,46866364.60000000,1615766399999,17404242.48406300,59551,23090486.80000000,8586069.73461400,0
1615766400000,0.35050000,0.41844000,0.35006000,0.38579000,66014141.90000000,1615852799999,25607808.72684400,93907,34118442.90000000,13260289.76468500,0
1615852800000,0.38592000,0.39342000,0.34838000,0.36557000,42044958.90000000,1615939199999,15514453.01053500,62632,20723089.60000000,7662224.99435800,0
1615939200000,0.36556000,0.46852000,0.35475000,0.45195000,104960870.70000000,1616025599999,45409753.71542100,166811,55015459.00000000,23849660.11857800,0
1616025600000,0.45195000,0.45275000,0.39100000,0.39604000,55355154.00000000,1616111999999,23130993.82266300,76199,26408310.30000000,11035781.59264600,0
1616112000000,0.39604000,0.41200000,0.38000000,0.38514000,31681787.30000000,1616198399999,12575281.30782400,45107,15551188.80000000,6175243.34672200,0
1616198400000,0.38586000,0.41237000,0.36500000,0.36700000,27173782.90000000,1616284799999,10730407.20538600,40009,13921516.80000000,5502682.30119200,0
1616284800000,0.36688000,0.37500000,0.34336000,0.36596000,33020658.10000000,1616371199999,11847744.93416800,48285,16404347.00000000,5887549.65352600,0
1616371200000,0.36615000,0.39677000,0.31565000,0.32414000,30260964.80000000,1616457599999,10800085.71372000,45637,14343075.80000000,5140414.66421200,0
1616457600000,0.32363000,0.45117000,0.30000000,0.39633000,166285620.40000000,1616543999999,65398041.38421900,208903,84538330.00000000,33310203.67819100,0
1616544000000,0.39589000,0.43494000,0.34071000,0.36321000,79520536.80000000,1616630399999,31981812.89394100,110340,40322920.60000000,16253232.26373200,0
1616630400000,0.36286000,0.40470000,0.33810000,0.39810000,57724383.50000000,1616716799999,21026541.67244900,79899,29331522.70000000,10710741.15009700,0
1616716800000,0.39810000,0.43314000,0.39317000,0.41363000,44357074.20000000,1616803199999,18397652.61148900,64599,22656385.90000000,9403002.71419400,0
1616803200000,0.41363000,0.63000000,0.41345000,0.55032000,211996771.70000000,1616889599999,115177272.41314900,289458,112799699.80000000,61129498.51152900,0
1616889600000,0.55160000,0.66789000,0.51137000,0.52204000,112455951.30000000,1616975999999,65747457.51943400,175769,57409205.00000000,33580383.61551100,0
1616976000000,0.52201000,0.54535000,0.49890000,0.51865000,43316883.90000000,1617062399999,22628823.78169600,66818,21159878.50000000,11053906.29252500,0
1617062400000,0.51906000,0.57436000,0.50811000,0.52509000,40513725.60000000,1617148799999,21587439.86175100,69605,20509093.30000000,10930692.83442600,0
1617148800000,0.52436000,0.53672000,0.46638000,0.48996000,33571196.70000000,1617235199999,16950112.87906200,67422,16233673.60000000,8202889.27794700,0
1617235200000,0.48910000,0.62222000,0.48138000,0.54215000,74447877.40000000,1617321599999,42961815.30048400,157929,39396140.10000000,22762127.26558600,0
1617321600000,0.54109000,0.55000000,0.52055000,0.53171000,32367952.10000000,1617407999999,17383931.70048300,62302,16867150.00000000,9065114.87217900,0
1617408000000,0.53163000,0.53268000,0.46376000,0.46708000,33484496.50000000,1617494399999,16802964.09654400,60546,17022649.80000000,8540975.19912500,0
1617494400000,0.46700000,0.50985000,0.45967000,0.49459000,22738372.50000000,1617580799999,11147476.22536700,41301,11352413.30000000,5570321.67984600,0
1617580800000,0.49430000,0.53980000,0.47178000,0.51910000,32966714.10000000,1617667199999,16831101.00901700,67724,17067652.50000000,8716806.72911400,0
1617667200000,0.51888000,0.55313000,0.48195000,0.49200000,28655956.80000000,1617753599999,14854128.76194600,55055,14339899.60000000,7443719.23058700,0
1617753600000,0.49216000,0.53257000,0.41125000,0.49929000,43305954.90000000,1617839999999,20790710.03012300,83466,21700676.80000000,10437609.38001900,0
1617840000000,0.50056000,0.60897000,0.48706000,0.55067000,90569253.30000000,1617926399999,52051448.98550200,157868,47385034.80000000,27231255.40459800,0
1617926400000,0.55048000,0.56110000,0.52699000,0.53025000,32741762.60000000,1618012799999,17818706.34135000,60218,16276969.40000000,8862491.76122200,0
1618012800000,0.53083000,0.54342000,0.48925000,0.51020000,20696176.40000000,1618099199999,10737871.35200000,38453,10191683.10000000,5288907.55810200,0
1618099200000,0.51041000,0.54418000,0.48998000,0.51110000,24770960.70000000,1618185599999,12816909.70911400,40818,12699021.00000000,6580734.29908700,0
1618185600000,0.51146000,0.51708000,0.48439000,0.50213000,19029750.60000000,1618271999999,9577042.56416600,34026,9310677.50000000,4686547.90084200,0
1618272000000,0.50293000,0.56932000,0.49554000,0.50756000,42841533.40000000,1618358399999,22680772.41369500,73439,21730783.00000000,11505834.46393700,0
1618358400000,0.50710000,0.53800000,0.47694000,0.50029000,38961477.70000000,1618444799999,19804263.30877700,68381,19805858.40000000,10076132.49120600,0
1618444800000,0.49972000,0.55300000,0.49520000,0.53229000,37274624.70000000,1618531199999,19567350.23124900,58655,18815905.60000000,9881295.86270700,0
1618531200000,0.53355000,0.53733000,0.48400000,0.50746000,41304153.90000000,1618617599999,21191449.73253600,59364,19873231.10000000,10202014.84302800,0
1618617600000,0.50746000,0.57560000,0.50416000,0.52857000,63084992.40000000,1618703999999,34305760.12855200,96814,32282463.20000000,17547232.74537800,0
1618704000000,0.52844000,0.53604000,0.34236000,0.43843000,57561383.00000000,1618790399999,24728954.33527100,101222,27391080.70000000,11782581.39545100,0
1618790400000,0.43779000,0.45300000,0.37000000,0.38025000,29784833.20000000,1618876799999,12213911.45901100,42131,14792041.50000000,6058341.37136200,0
1618876800000,0.38111000,0.39384000,0.33178000,0.38924000,32988332.40000000,1618963199999,12101751.71216900,49498,16382291.50000000,6012831.46822300,0
1618963200000,0.38915000,0.43100000,0.36262000,0.36471000,44722267.70000000,1619049599999,17385556.59844400,53718,22895746.90000000,8905036.68433800,0
1619049600000,0.36405000,0.38814000,0.29121000,0.32409000,38974366.60000000,1619135999999,13996878.77264600,42398,18457057.50000000,6640042.66365700,0
1619136000000,0.32409000,0.33126000,0.25689000,0.32089000,54366228.90000000,1619222399999,15964917.06399900,58330,27610566.80000000,8107042.94662500,0
1619222400000,0.32089000,0.32139000,0.27892000,0.28168000,22245065.70000000,1619308799999,6659769.25092800,25280,11187402.50000000,3349460.73619900,0
1619308800000,0.28182000,0.32000000,0.27121000,0.29099000,28346936.40000000,1619395199999,8273293.67667600,35312,14133265.40000000,4132359.80436400,0
1619395200000,0.29103000,0.36666000,0.28669000,0.35426000,35660444.50000000,1619481599999,11855640.77031900,40255,18863856.00000000,6282447.87004900,0
1619481600000,0.35396000,0.40856000,0.34385000,0.40058000,49008085.30000000,1619567999999,18761919.86046700,63792,25381642.20000000,9728547.57100200,0
1619568000000,0.40004000,0.41000000,0.35487000,0.37667000,35044085.30000000,1619654399999,13243062.03945400,47384,17422653.10000000,6596772.63458800,0
1619654400000,0.37667000,0.42877000,0.36312000,0.41813000,48617804.20000000,1619740799999,19581455.57654900,63411,24996976.30000000,10062550.40180500,0
1619740800000,0.41862000,0.45200000,0.41578000,0.42955000,43225960.90000000,1619827199999,18733949.48899400,62396,22506942.30000000,9766407.17881100,0
1619827200000,0.42955000,0.44193000,0.39198000,0.41933000,21634768.90000000,1619913599999,9136914.56047200,35554,10785534.40000000,4558067.74875500,0
1619913600000,0.41959000,0.42116000,0.38550000,0.40323000,17264945.00000000,1619999999999,6974976.91018200,27568,8506676.60000000,3438473.61788300,0
1620000000000,0.40269000,0.47545000,0.40269000,0.44249000,48205238.40000000,1620086399999,21547225.07102600,74653,25183715.20000000,11258159.58579200,0
1620086400000,0.44254000,0.44426000,0.36050000,0.37875000,47234725.00000000,1620172799999,19083281.11604400,56202,23455162.40000000,9481934.72767900,0
1620172800000,0.37877000,0.41185000,0.37215000,0.40547000,21980768.40000000,1620259199999,8809103.10606600,31110,11475339.70000000,4597811.95848300,0
1620259200000,0.40612000,0.41955000,0.37548000,0.38553000,28629470.30000000,1620345599999,11452241.36370900,42017,14059663.80000000,5632520.66341700,0
1620345600000,0.38556000,0.40000000,0.36432000,0.37526000,23161906.20000000,1620431999999,8910433.64309300,31011,11580747.20000000,4455762.36099000,0
1620432000000,0.37549000,0.38974000,0.36864000,0.37549000,16000219.40000000,1620518399999,6053564.09789300,22394,8225253.30000000,3110814.24606100,0
1620518400000,0.37508000,0.40706000,0.35156000,0.40200000,32576503.60000000,1620604799999,12400396.76201600,46087,16721324.80000000,6373955.69771600,0
1620604800000,0.40256000,0.42289000,0.32734000,0.34731000,40139696.30000000,1620691199999,15531015.57419800,54735,20009478.20000000,7778504.13082300,0
1620691200000,0.34656000,0.36694000,0.33387000,0.36424000,12891337.60000000,1620777599999,4561732.25228500,20131,6780458.70000000,2398942.11786200,0
1620777600000,0.36439000,0.39800000,0.30800000,0.31890000,37094191.10000000,1620863999999,13615111.90481000,49184,18335283.10000000,6747282.49548500,0
1620864000000,0.31938000,0.42272000,0.29311000,0.39255000,96868532.70000000,1620950399999,34921627.62773200,116742,47642868.30000000,17286998.52821500,0
1620950400000,0.39182000,0.41990000,0.34646000,0.36251000,54441011.80000000,1621036799999,20568774.69088800,77070,28851962.60000000,10902067.48568100,0
1621036800000,0.36326000,0.49000000,0.35212000,0.41449000,157526407.20000000,1621123199999,68534195.85934900,209137,82421353.60000000,35872342.61763000,0
1621123200000,0.41528000,0.44180000,0.37518000,0.40122000,69406113.20000000,1621209599999,28604984.32330100,85732,36292584.00000000,14947037.43276300,0
1621209600000,0.40122000,0.40141000,0.34163000,0.35128000,35955416.70000000,1621295999999,13071126.31481300,37459,18782010.90000000,6816748.77242600,0
1621296000000,0.35024000,0.42500000,0.34403000,0.39360000,65655358.20000000,1621382399999,26278849.67217000,83570,33611468.80000000,13434581.32325100,0
1621382400000,0.39394000,0.39878000,0.14000000,0.23420000,109799739.50000000,1621468799999,30587460.56907600,104197,53182275.30000000,14853644.66678100,0
1621468800000,0.23396000,0.27883000,0.20676000,0.24548000,81565663.30000000,1621555199999,20449971.74102900,75774,42328850.60000000,10649644.37417100,0
1621555200000,0.24603000,0.26103000,0.17000000,0.19961000,62591196.00000000,1621641599999,13805723.40712700,56631,30887522.90000000,6828880.38278200,0
1621641600000,0.19994000,0.20269000,0.16796000,0.17778000,33263316.70000000,1621727999999,6166514.99619300,28342,17419217.50000000,3235037.47802400,0
1621728000000,0.17775000,0.18729000,0.11288000,0.14270000,56314700.80000000,1621814399999,8026732.98161100,37905,28472402.60000000,4061709.96978700,0
1621814400000,0.14277000,0.20497000,0.13781000,0.19717000,65500794.10000000,1621900799999,11132578.61792800,50663,31948791.60000000,5418637.40480700,0
1621900800000,0.19752000,0.20650000,0.16676000,0.18428000,60154221.90000000,1621987199999,10982448.68272600,42913,31392372.10000000,5730769.27584900,0
1621987200000,0.18489000,0.28755000,0.17813000,0.25167000,298247579.40000000,1622073599999,73472935.44696900,184862,167391030.00000000,41268530.57470600,0
1622073600000,0.25169000,0.27000000,0.22628000,0.23046000,67010919.70000000,1622159999999,16197249.42910500,58818,33484944.50000000,8097422.12289000,0
1622160000000,0.23066000,0.23493000,0.18777000,0.19904000,35500638.50000000,1622246399999,7390867.06833700,30154,17415611.90000000,3617306.11877200,0
1622246400000,0.19874000,0.21800000,0.17570000,0.18846000,35373641.90000000,1622332799999,7124625.86047500,28506,17952507.50000000,3619519.61321000,0
1622332800000,0.18933000,0.21608000,0.17602000,0.19999000,21628367.60000000,1622419199999,4374350.83761800,19951,11382568.80000000,2307327.58617600,0
1622419200000,0.19992000,0.22389000,0.18671000,0.22332000,31125697.40000000,1622505599999,6453652.26930100,33469,15988877.50000000,3315184.87784100,0
1622505600000,0.22341000,0.23900000,0.20600000,0.21187000,22075848.10000000,1622591999999,4803942.46693700,24612,12042517.70000000,2623651.94389900,0
1622592000000,0.21251000,0.23427000,0.20322000,0.21882000,33740670.60000000,1622678399999,7526300.55880400,31880,16715944.40000000,3722697.27079100,0
1622678400000,0.21868000,0.23890000,0.21491000,0.22843000,28364213.00000000,1622764799999,6485023.44052000,34756,14829183.80000000,3388791.44729300,0
1622764800000,0.22816000,0.22871000,0.18864000,0.20025000,24555913.20000000,1622851199999,4993668.39421200,25599,12491091.40000000,2535563.43930700,0
1622851200000,0.19946000,0.21350000,0.18469000,0.19000000,17737899.80000000,1622937599999,3513920.78717100,15919,9205905.00000000,1823301.50908600,0
1622937600000,0.19000000,0.20276000,0.18843000,0.19809000,11582511.80000000,1623023999999,2262162.25341900,12280,5583823.70000000,1090561.95547100,0
1623024000000,0.19806000,0.21355000,0.17438000,0.17699000,23789759.10000000,1623110399999,4734235.70835300,23348,11523672.10000000,2291519.12832300,0
1623110400000,0.17694000,0.18001000,0.15567000,0.17483000,24775343.20000000,1623196799999,4221931.93897600,21295,12756442.50000000,2171391.05444800,0
1623196800000,0.17483000,0.24000000,0.16638000,0.20655000,101403316.50000000,1623283199999,21062480.19897400,73884,51865288.80000000,10775719.30948200,0
1623283200000,0.20655000,0.23490000,0.19094000,0.19126000,95352262.00000000,1623369599999,20199503.09132400,83261,47917982.70000000,10163859.60497700,0
1623369600000,0.19198000,0.19603000,0.16736000,0.17206000,29728405.00000000,1623455999999,5550436.26049100,29508,14841029.20000000,2775133.27815900,0
1623456000000,0.17212000,0.18047000,0.16050000,0.17128000,23974367.10000000,1623542399999,4088518.04476100,20524,12524620.00000000,2133173.52832800,0
1623542400000,0.17138000,0.18220000,0.16389000,0.17857000,23585736.50000000,1623628799999,4105736.07739800,17974,12347440.50000000,2150144.89840000,0
1623628800000,0.17829000,0.20000000,0.17544000,0.18926000,29907992.40000000,1623715199999,5614792.38736500,25320,15834235.60000000,2972860.47110600,0
1623715200000,0.18901000,0.19737000,0.18066000,0.18456000,17338342.90000000,1623801599999,3271068.18110800,15906,8593004.70000000,1621031.00001400,0
1623801600000,0.18443000,0.23400000,0.17905000,0.20286000,114579703.00000000,1623887999999,23583279.55942900,88162,58669118.00000000,12080643.49147300,0
1623888000000,0.20287000,0.21199000,0.18417000,0.18865000,39149698.90000000,1623974399999,7729900.31971400,37523,20052259.40000000,3960546.85333800,0
1623974400000,0.18823000,0.18919000,0.16845000,0.17693000,21862676.80000000,1624060799999,3922810.81652600,19177,10850209.20000000,1950807.44209600,0
1624060800000,0.17637000,0.18045000,0.16995000,0.17102000,10468263.00000000,1624147199999,1833136.53903500,11186,5162083.60000000,904894.81325900,0
1624147200000,0.17077000,0.17645000,0.15806000,0.17332000,16765526.20000000,1624233599999,2802522.34044000,14036,8742658.10000000,1462862.32980200,0
1624233600000,0.17341000,0.17503000,0.13136000,0.13264000,23588524.50000000,1624319999999,3587140.60293200,17155,11427746.50000000,1738724.54717000,0
1624320000000,0.13185000,0.14449000,0.10819000,0.12737000,30726487.40000000,1624406399999,3809371.09142700,18164,15739602.40000000,1954926.25257700,0
1624406400000,0.12809000,0.14700000,0.12094000,0.13690000,21350845.80000000,1624492799999,2951155.83029400,14331,11322156.00000000,1563566.52946900,0
1624492800000,0.13713000,0.15024000,0.12990000,0.14391000,16893849.40000000,1624579199999,2405152.85087900,12207,9194307.10000000,1308582.26155900,0
1624579200000,0.14473000,0.14868000,0.12649000,0.12985000,15751365.40000000,1624665599999,2127987.69115900,10614,8219774.90000000,1108990.52998600,0
1624665600000,0.12970000,0.13483000,0.12002000,0.12695000,19499481.90000000,1624751999999,2453894.97575600,12057,10305399.30000000,1295672.42174400,0
1624752000000,0.12720000,0.13420000,0.12148000,0.13225000,16209554.80000000,1624838399999,2073322.62916200,10775,8275738.20000000,1058322.43387800,0
1624838400000,0.13299000,0.14310000,0.13122000,0.13979000,21619258.70000000,1624924799999,2944422.58650400,15377,11181288.00000000,1523355.66030600,0
1624924800000,0.13995000,0.15515000,0.13821000,0.15347000,24056900.60000000,1625011199999,3561019.39316000,16288,11967574.00000000,1772341.78832600,0
1625011200000,0.15336000,0.15800000,0.13809000,0.14844000,18916399.80000000,1625097599999,2767102.90583500,12043,9727308.40000000,1426382.82257700,0
1625097600000,0.14869000,0.15112000,0.13466000,0.13814000,20155347.20000000,1625183999999,2871531.81375000,12472,10168073.40000000,1445317.23705900,0
1625184000000,0.13779000,0.14384000,0.13032000,0.13979000,20170431.40000000,1625270399999,2763952.10030500,15113,10866786.30000000,1491788.35799500,0
1625270400000,0.13979000,0.15855000,0.13624000,0.15345000,47562773.70000000,1625356799999,7246696.20607900,32940,24299742.60000000,3700521.66014500,0
1625356800000,0.15364000,0.15989000,0.14838000,0.15106000,33386292.50000000,1625443199999,5161878.44508600,27469,16845269.40000000,2606616.52274900,0
1625443200000,0.15098000,0.15204000,0.14027000,0.14712000,23129934.80000000,1625529599999,3372778.27708200,18214,11464420.70000000,1672622.64658700,0
1625529600000,0.14715000,0.16000000,0.14686000,0.15522000,33607307.40000000,1625615999999,5200128.34484600,27844,16753509.00000000,2597971.32049500,0
1625616000000,0.15557000,0.18147000,0.15367000,0.16770000,60677106.10000000,1625702399999,10371716.39742300,48914,32117417.00000000,5494171.01404700,0
1625702400000,0.16776000,0.16890000,0.14336000,0.14795000,38177751.00000000,1625788799999,5863665.71184600,34055,18985998.30000000,2916667.40268600,0
1625788800000,0.14758000,0.15000000,0.13806000,0.14781000,20983312.80000000,1625875199999,3028333.88776100,19321,10652016.60000000,1537632.72440900,0
1625875200000,0.14797000,0.15130000,0.13877000,0.14337000,26778468.80000000,1625961599999,3888753.17724300,23485,13957811.80000000,2029949.95095000,0
1625961600000,0.14354000,0.15186000,0.14011000,0.14612000,35649270.20000000,1626047999999,5194399.67399500,27358,18149467.70000000,2646473.37139900,0
1626048000000,0.14622000,0.14932000,0.14036000,0.14423000,29646701.70000000,1626134399999,4304086.90260500,25453,14381326.10000000,2088757.91566100,0
1626134400000,0.14414000,0.14729000,0.13636000,0.13850000,26002232.10000000,1626220799999,3677846.82273300,26205,13178798.30000000,1864484.70409500,0
1626220800000,0.13856000,0.14267000,0.12940000,0.14124000,20335626.80000000,1626307199999,2786495.81828500,22320,10649546.20000000,1459020.75877400,0
1626307200000,0.14133000,0.16831000,0.13828000,0.14940000,106026247.00000000,1626393599999,16407088.49723500,74231,54102322.10000000,8388275.34708100,0
1626393600000,0.14941000,0.15564000,0.13203000,0.13234000,39581107.50000000,1626479999999,5614761.76239100,27479,20573087.80000000,2916702.53014900,0
1626480000000,0.13240000,0.13851000,0.12977000,0.13181000,31497290.20000000,1626566399999,4220492.12674600,20074,17007503.80000000,2278642.13920600,0
1626566400000,0.13181000,0.14090000,0.13116000,0.13649000,17344704.30000000,1626652799999,2367904.47817800,14274,8687455.70000000,1186906.19268400,0
1626652800000,0.13663000,0.13692000,0.12425000,0.12541000,21680936.20000000,1626739199999,2813392.88481800,16341,11920609.20000000,1546909.90090900,0
1626739200000,0.12559000,0.12783000,0.11050000,0.11710000,22365570.90000000,1626825599999,2634677.43897600,16514,11694735.10000000,1378292.94467900,0
1626825600000,0.11737000,0.13278000,0.11350000,0.12851000,25319109.40000000,1626911999999,3211101.41224500,17288,13478563.60000000,1711720.82953800,0
1626912000000,0.12838000,0.14395000,0.12641000,0.13766000,36480168.30000000,1626998399999,4998249.36689300,24870,18621336.20000000,2550713.22041200,0
1626998400000,0.13794000,0.15649000,0.13522000,0.15025000,69564073.40000000,1627084799999,10181841.01619400,46018,37197822.80000000,5444917.23866800,0
1627084800000,0.15049000,0.16200000,0.14725000,0.14923000,52820879.20000000,1627171199999,8124583.78064500,35664,25864542.00000000,3981774.85310100,0
1627171200000,0.14925000,0.15350000,0.14232000,0.14653000,37180264.60000000,1627257599999,5469366.73391800,23018,18705249.20000000,2753434.75142900,0
1627257600000,0.14652000,0.17800000,0.14577000,0.14871000,85637383.80000000,1627343999999,13927595.43596000,55350,44321908.20000000,7198391.63078500,0
1627344000000,0.14851000,0.15979000,0.14328000,0.15450000,35407458.60000000,1627430399999,5337961.16567600,25489,18545335.00000000,2799510.86348800,0
1627430400000,0.15443000,0.16561000,0.15063000,0.15838000,34910439.10000000,1627516799999,5501417.54920400,25829,18251413.60000000,2877974.05592600,0
1627516800000,0.15844000,0.16531000,0.15318000,0.16365000,35846633.30000000,1627603199999,5739871.60271100,24129,19726933.40000000,3160670.14107600,0
1627603200000,0.16362000,0.16895000,0.15410000,0.16711000,21933007.40000000,1627689599999,3527670.80175000,18063,10526495.40000000,1691697.10930200,0
1627689600000,0.16755000,0.17670000,0.16085000,0.17153000,25497869.10000000,1627775999999,4334164.80019200,20963,12684170.70000000,2159816.45888400,0
1627776000000,0.17194000,0.18807000,0.15925000,0.16500000,52886733.70000000,1627862399999,9394311.73342900,37465,25644322.50000000,4557415.69546100,0
1627862400000,0.16500000,0.17489000,0.16210000,0.17091000,24522048.60000000,1627948799999,4134323.84616700,19914,12368782.70000000,2085005.33392300,0
1627948800000,0.17087000,0.17433000,0.15763000,0.17182000,23283469.60000000,1628035199999,3837478.00227700,17399,11559785.60000000,1908154.57088100,0
1628035200000,0.17198000,0.18084000,0.16768000,0.17336000,25896662.90000000,1628121599999,4523014.73722100,20805,12897962.70000000,2253687.07746200,0
1628121600000,0.17347000,0.18570000,0.16973000,0.18343000,26507777.30000000,1628207999999,4711394.90480300,23731,13980788.60000000,2484890.79073200,0
1628208000000,0.18378000,0.19551000,0.17931000,0.18812000,25937602.10000000,1628294399999,4925239.06390900,25303,13151167.20000000,2497629.74219800,0
1628294400000,0.18812000,0.20122000,0.18265000,0.19325000,28735996.40000000,1628380799999,5556370.62066500,28098,14324822.40000000,2773602.28728900,0
1628380800000,0.19305000,0.19465000,0.17486000,0.17784000,16770642.80000000,1628467199999,3100220.98525400,16343,8339714.70000000,1542201.95567400,0
1628467200000,0.17783000,0.19390000,0.17135000,0.19110000,31735198.40000000,1628553599999,5916012.82899600,28783,16364533.50000000,3053863.99361900,0
1628553600000,0.19110000,0.20705000,0.18662000,0.19770000,55728383.50000000,1628639999999,11137803.13806400,45851,31854767.30000000,6374867.62648700,0
1628640000000,0.19801000,0.22877000,0.19801000,0.20995000,48257321.00000000,1628726399999,10349663.10805100,44482,24297120.40000000,5213141.23277900,0
1628726400000,0.20977000,0.23178000,0.20096000,0.22885000,40756430.40000000,1628812799999,8748507.82974600,43139,21721569.60000000,4674182.42661300,0
1628812800000,0.22926000,0.24070000,0.22132000,0.23340000,39342933.30000000,1628899199999,9101100.26993000,38833,20467458.10000000,4736799.28491600,0
1628899200000,0.23340000,0.24050000,0.22000000,0.23045000,30564598.70000000,1628985599999,7047382.55690200,29660,15522669.00000000,3582878.84069300,0
1628985600000,0.23053000,0.25402000,0.22677000,0.24376000,41572603.30000000,1629071999999,10092525.12956600,40985,22855345.80000000,5551644.20973400,0
1629072000000,0.24382000,0.25830000,0.23120000,0.23552000,39487612.70000000,1629158399999,9701952.47340700,38837,19420150.30000000,4771784.00093300,0
1629158400000,0.23524000,0.25600000,0.22032000,0.22516000,40097248.40000000,1629244799999,9623361.69782000,41772,20074933.40000000,4825799.08449900,0
1629244800000,0.22472000,0.23486000,0.20722000,0.22091000,25804563.70000000,1629331199999,5706465.01506000,27706,13507128.10000000,2991702.87073100,0
1629331200000,0.22124000,0.25282000,0.21728000,0.24600000,39268752.90000000,1629417599999,9350655.36281600,39439,21081094.90000000,5026431.67224800,0
1629417600000,0.24616000,0.25944000,0.23952000,0.25221000,26904599.30000000,1629503999999,6733535.70254000,28173,13971050.10000000,3497740.88607600,0
1629504000000,0.25221000,0.27145000,0.24584000,0.25440000,33077224.60000000,1629590399999,8571458.84659800,34389,17220854.20000000,4464691.68127000,0
1629590400000,0.25445000,0.25908000,0.24317000,0.25893000,28078588.20000000,1629676799999,7076022.65446200,27373,14597369.10000000,3677852.54814000,0
1629676800000,0.25867000,0.27727000,0.25381000,0.26186000,28529633.60000000,1629763199999,7631049.67944000,30025,14482637.00000000,3877209.36293000,0
1629763200000,0.26186000,0.27536000,0.24000000,0.24467000,22005215.10000000,1629849599999,5705817.23250800,25233,10752603.00000000,2790813.64845400,0
1629849600000,0.24437000,0.26671000,0.22925000,0.25177000,41759543.00000000,1629935999999,10374342.88627900,39704,20456010.40000000,5080201.86903400,0
1629936000000,0.25216000,0.25809000,0.22210000,0.22560000,19557373.20000000,1630022399999,4598819.15034600,22421,9421888.00000000,2217200.22290700,0
1630022400000,0.22550000,0.24340000,0.21540000,0.23710000,24968473.00000000,1630108799999,5741536.09842200,23094,12902083.00000000,2964238.31680500,0
1630108800000,0.23710000,0.25160000,0.23410000,0.24420000,21789887.20000000,1630195199999,5316483.74559700,23546,11412648.00000000,2783243.63541700,0
1630195200000,0.24420000,0.26000000,0.23030000,0.25010000,26827854.00000000,1630281599999,6652246.79987700,33199,13770845.00000000,3418329.17867700,0
1630281600000,0.24980000,0.25600000,0.23570000,0.23850000,17919978.00000000,1630367999999,4415814.25460000,22447,8825946.00000000,2179386.54890000,0
1630368000000,0.23850000,0.26240000,0.23520000,0.24890000,24027630.40000000,1630454399999,6093139.81919700,31315,12519774.30000000,3174924.01699700,0
1630454400000,0.24910000,0.27790000,0.24290000,0.26910000,31627121.60000000,1630540799999,8404339.02908800,36586,16279061.90000000,4328760.75568800,0
1630540800000,0.26910000,0.27580000,0.26100000,0.27510000,19520007.00000000,1630627199999,5221603.35150000,23157,9601615.00000000,2568763.23110000,0
1630627200000,0.27480000,0.29710000,0.26090000,0.28090000,45780785.50000000,1630713599999,12972914.27370200,45140,24263706.20000000,6883488.70312900,0
1630713600000,0.28100000,0.29730000,0.27970000,0.29580000,22464314.00000000,1630799999999,6482090.29440000,27612,11439252.00000000,3302791.18160000,0
1630800000000,0.29570000,0.32200000,0.29170000,0.30410000,45373431.20000000,1630886399999,13912338.06662700,52949,22319070.00000000,6843893.45255700,0
1630886400000,0.30410000,0.31980000,0.27900000,0.30680000,49832400.00000000,1630972799999,15180065.28600000,58926,24439494.00000000,7443854.96230000,0
1630972800000,0.30730000,0.30890000,0.19010000,0.22830000,68913179.00000000,1631059199999,17276918.78388600,69504,34748812.70000000,8655589.03947300,0
1631059200000,0.22840000,0.23230000,0.19730000,0.21810000,45384456.00000000,1631145599999,9834560.12380000,39803,22110835.00000000,4791492.25870000,0
1631145600000,0.21810000,0.23460000,0.20390000,0.22760000,45618836.00000000,1631231999999,10096578.83760000,38941,22697442.00000000,5025994.54770000,0
1631232000000,0.22760000,0.26140000,0.20240000,0.24060000,79612266.00000000,1631318399999,18676570.19770000,80052,37531927.00000000,8809696.23360000,0
1631318400000,0.24030000,0.27450000,0.23610000,0.24040000,72592335.00000000,1631404799999,18432856.77410000,69777,35525869.00000000,9015838.09290000,0
1631404800000,0.23970000,0.25380000,0.23270000,0.24810000,30741258.00000000,1631491199999,7582610.86720000,32197,16354643.00000000,4038719.88000000,0
1631491200000,0.24810000,0.25790000,0.22350000,0.25160000,38674239.00000000,1631577599999,9339449.91810000,38001,19404150.00000000,4686212.05250000,0
1631577600000,0.25150000,0.25750000,0.23760000,0.24440000,28381814.00000000,1631663999999,7016169.01680000,26831,14238936.00000000,3517544.92790000,0
1631664000000,0.24400000,0.26630000,0.24050000,0.26240000,31691277.00000000,1631750399999,8139433.39850000,32025,15524139.00000000,3981910.38550000,0
1631750400000,0.26240000,0.30000000,0.25420000,0.28130000,80741494.00000000,1631836799999,22361973.02530000,80597,41117735.00000000,11399287.67070000,0
1631836800000,0.28120000,0.28340000,0.25010000,0.25480000,36722207.00000000,1631923199999,9572225.20160000,34911,18392110.00000000,4797094.86940000,0
1631923200000,0.25460000,0.26660000,0.24840000,0.25490000,23370722.00000000,1632009599999,6042925.36880000,21503,11332163.00000000,2933215.91700000,0
1632009600000,0.25520000,0.25690000,0.23860000,0.24330000,20078251.00000000,1632095999999,5006744.96830000,18853,10029289.00000000,2502562.06670000,0
1632096000000,0.24360000,0.24440000,0.19670000,0.20290000,42359755.00000000,1632182399999,9060621.61950000,38304,20945328.00000000,4486534.11770000,0
1632182400000,0.20280000,0.22220000,0.18190000,0.18900000,56659420.80000000,1632268799999,11593679.73038300,50337,27434970.40000000,5611191.94734000,0
1632268800000,0.18890000,0.23450000,0.18330000,0.22670000,68960462.00000000,1632355199999,14958038.24110000,63519,34739003.00000000,7549151.32340000,0
1632355200000,0.22660000,0.23030000,0.21520000,0.22740000,37095024.00000000,1632441599999,8331010.77500000,30291,20385607.00000000,4583950.70440000,0
1632441600000,0.22730000,0.23660000,0.19680000,0.21580000,40819275.00000000,1632527999999,8791782.91360000,41168,20171678.00000000,4349464.08150000,0
1632528000000,0.21580000,0.22280000,0.20600000,0.21120000,26224615.00000000,1632614399999,5632185.74490000,26587,13354251.00000000,2868553.07860000,0
1632614400000,0.21120000,0.21590000,0.19000000,0.20630000,34043761.00000000,1632700799999,6991439.08930000,33212,16457348.00000000,3380841.91010000,0
1632700800000,0.20610000,0.21990000,0.20280000,0.20620000,27114504.00000000,1632787199999,5757022.52100000,25635,14193015.00000000,3014293.11180000,0
1632787200000,0.20600000,0.21240000,0.19040000,0.19200000,23290250.00000000,1632873599999,4647914.85340000,20351,11476737.00000000,2291099.17500000,0
1632873600000,0.19150000,0.20860000,0.19070000,0.19800000,15415091.00000000,1632959999999,3089102.20730000,15475,8121034.00000000,1628333.64150000,0
1632960000000,0.19750000,0.21460000,0.19670000,0.21280000,11768595.00000000,1633046399999,2415781.99900000,13250,6412042.00000000,1316237.48760000,0
1633046400000,0.21290000,0.23350000,0.21060000,0.23150000,19535707.00000000,1633132799999,4387781.39170000,19933,10017998.00000000,2246834.60900000,0
1633132800000,0.23110000,0.24930000,0.22720000,0.23030000,29929469.00000000,1633219199999,7116564.92640000,27448,15263308.00000000,3630213.60260000,0
1633219200000,0.23030000,0.24090000,0.22320000,0.23000000,17570647.00000000,1633305599999,4106790.06940000,19463,8927637.00000000,2088899.50700000,0
1633305600000,0.23010000,0.24550000,0.21780000,0.23550000,40131464.00000000,1633391999999,9373528.60950000,36840,21062519.00000000,4920356.29510000,0
1633392000000,0.23520000,0.24900000,0.23270000,0.24630000,21373586.00000000,1633478399999,5130742.66610000,22022,10891330.00000000,2614449.36680000,0
1633478400000,0.24620000,0.25760000,0.22510000,0.24690000,32157542.00000000,1633564799999,7749714.37650000,30600,15162400.00000000,3662706.40290000,0
1633564800000,0.24720000,0.26500000,0.23960000,0.24720000,47271032.00000000,1633651199999,12030154.15560000,49561,24038158.00000000,6124260.21390000,0
1633651200000,0.24730000,0.26260000,0.24240000,0.25200000,25934657.00000000,1633737599999,6561948.02910000,28071,13418281.00000000,3393007.95190000,0
1633737600000,0.25240000,0.26420000,0.24950000,0.25750000,28691958.00000000,1633823999999,7431932.99710000,28350,15102365.00000000,3912014.45620000,0
1633824000000,0.25740000,0.26720000,0.23920000,0.24090000,43237730.00000000,1633910399999,11032402.02790000,38299,21423888.00000000,5470820.27570000,0
1633910400000,0.24080000,0.25190000,0.22800000,0.23400000,23131328.00000000,1633996799999,5547069.80740000,22275,11694401.00000000,2803417.31070000,0
1633996800000,0.23360000,0.23390000,0.21560000,0.23030000,21128843.00000000,1634083199999,4748543.71460000,20307,10264837.00000000,2308721.52530000,0
1634083200000,0.23000000,0.23970000,0.22260000,0.23790000,22364138.00000000,1634169599999,5190397.92510000,22517,10983976.00000000,2549579.34920000,0
1634169600000,0.23800000,0.25720000,0.23570000,0.25130000,37377119.00000000,1634255999999,9306700.05460000,37464,20278422.00000000,5051064.25220000,0
1634256000000,0.25140000,0.26900000,0.23730000,0.25380000,46330667.00000000,1634342399999,11739792.65320000,48330,23696412.00000000,6018638.47490000,0
1634342400000,0.25380000,0.27550000,0.25290000,0.26410000,36908039.00000000,1634428799999,9789534.83340000,39311,18797230.00000000,4989996.20250000,0
1634428800000,0.26440000,0.27560000,0.24520000,0.25360000,25851185.00000000,1634515199999,6793269.07810000,28690,12885192.00000000,3388060.83330000,0
1634515200000,0.25360000,0.25830000,0.24520000,0.24920000,14131077.00000000,1634601599999,3546425.87030000,13860,6966894.00000000,1748498.24970000,0
1634601600000,0.24910000,0.26010000,0.23510000,0.25060000,26296278.00000000,1634687999999,6609481.33060000,27012,12849545.00000000,3231627.24860000,0
1634688000000,0.25070000,0.26460000,0.24900000,0.26190000,26044452.00000000,1634774399999,6731580.36450000,28411,13472235.00000000,3483057.73650000,0
1634774400000,0.26190000,0.26610000,0.24670000,0.24970000,21250070.00000000,1634860799999,5483249.50270000,20817,10579370.00000000,2731594.08340000,0
1634860800000,0.25010000,0.26500000,0.24700000,0.25880000,31599931.00000000,1634947199999,8074423.01880000,30951,16141698.00000000,4126479.32870000,0
1634947200000,0.25890000,0.26430000,0.25440000,0.25990000,14624574.00000000,1635033599999,3810311.80690000,16722,7157368.00000000,1865882.28950000,0
1635033600000,0.26020000,0.26210000,0.24270000,0.24910000,14716543.00000000,1635119999999,3705340.65580000,16702,7311148.00000000,1843789.31220000,0
1635120000000,0.24910000,0.25690000,0.24760000,0.25280000,13760091.00000000,1635206399999,3464267.97520000,14889,6886929.00000000,1733775.89050000,0
1635206400000,0.25290000,0.26780000,0.24960000,0.25580000,19814724.00000000,1635292799999,5091709.12600000,22479,10366508.00000000,2665570.08180000,0
1635292800000,0.25590000,0.27430000,0.21500000,0.21810000,38582524.00000000,1635379199999,9254904.74450000,39371,17870913.00000000,4288938.36440000,0
1635379200000,0.21820000,0.23460000,0.21580000,0.23200000,24256442.00000000,1635465599999,5504273.48730000,24140,12705353.00000000,2885417.02100000,0
1635465600000,0.23210000,0.25500000,0.22840000,0.24600000,36851125.00000000,1635551999999,8922514.13030000,36302,18288491.00000000,4435378.40260000,0
1635552000000,0.24610000,0.25940000,0.23650000,0.25940000,29905145.00000000,1635638399999,7324502.28590000,29283,14766089.00000000,3614559.63460000,0
1635638400000,0.25940000,0.31500000,0.24880000,0.26100000,126943689.00000000,1635724799999,35171011.02110000,135726,65676380.00000000,18208794.37810000,0
1635724800000,0.26090000,0.28060000,0.24790000,0.27240000,48725496.00000000,1635811199999,13071107.11350000,56064,24618012.00000000,6612737.91670000,0
1635811200000,0.27230000,0.28340000,0.26950000,0.27740000,26918174.00000000,1635897599999,7491369.36410000,32845,13545227.00000000,3771372.72060000,0
1635897600000,0.27780000,0.29300000,0.26350000,0.28620000,46361571.00000000,1635983999999,13044901.82150000,60307,23539841.00000000,6627335.21320000,0
1635984000000,0.28610000,0.29220000,0.26740000,0.26780000,26709537.00000000,1636070399999,7461800.39070000,35020,12788776.00000000,3576872.23800000,0
1636070400000,0.26790000,0.27910000,0.26300000,0.26750000,22637142.00000000,1636156799999,6133702.28350000,30441,11087245.00000000,3002449.59610000,0
1636156800000,0.26730000,0.27280000,0.25210000,0.26110000,9703925.00000000,1636243199999,2536076.04460000,13702,4540117.00000000,1186933.87450000,0
1636243200000,0.26110000,0.27520000,0.25910000,0.26870000,23618809.00000000,1636329599999,6335666.91380000,30014,11610249.00000000,3115558.75060000,0
1636329600000,0.26890000,0.28640000,0.26570000,0.28560000,19286233.00000000,1636415999999,5337478.79120000,25421,10099422.00000000,2796886.06070000,0
1636416000000,0.28560000,0.29100000,0.27570000,0.28160000,18165503.00000000,1636502399999,5144493.96430000,26620,9044329.00000000,2565163.75430000,0
1636502400000,0.28170000,0.30490000,0.24280000,0.26170000,43297525.00000000,1636588799999,12428804.45820000,57424,21103944.00000000,6086325.51100000,0
1636588800000,0.26180000,0.28500000,0.24440000,0.27580000,33181335.00000000,1636675199999,9059834.14770000,34480,16700886.00000000,4566982.20110000,0
1636675200000,0.27540000,0.36300000,0.26230000,0.33370000,247105571.90000000,1636761599999,82079190.48058200,257665,129901750.70000000,43184910.00494200,0
1636761600000,0.33340000,0.37800000,0.32350000,0.32640000,135882843.80000000,1636847999999,47103310.48524700,170184,69142886.80000000,23987927.27114700,0
1636848000000,0.32640000,0.38800000,0.32110000,0.36030000,97679502.20000000,1636934399999,35236674.09204700,120628,49915078.20000000,17989284.23364700,0
1636934400000,0.36030000,0.39398000,0.35110000,0.39230000,64460619.10000000,1637020799999,23809900.23906100,89749,34383574.30000000,12717314.87764100,0
1637020800000,0.39230000,0.41800000,0.31590000,0.32580000,157968943.60000000,1637107199999,58500302.21920400,195271,74679500.30000000,27765488.45240400,0
1637107200000,0.32570000,0.35380000,0.30860000,0.31760000,71892855.00000000,1637193599999,23601377.19390000,80957,36401458.00000000,11958590.35380000,0
1637193600000,0.31720000,0.32320000,0.26500000,0.27270000,46865954.00000000,1637279999999,13657412.30770000,51393,22827804.00000000,6659537.34220000,0
1637280000000,0.27270000,0.32700000,0.26550000,0.31870000,92224063.00000000,1637366399999,27751058.67130000,92609,47093506.00000000,14153771.41660000,0
1637366400000,0.31860000,0.37080000,0.31690000,0.34890000,105394441.00000000,1637452799999,36840785.10930000,137589,54624007.00000000,19106713.51210000,0
1637452800000,0.34860000,0.36960000,0.33860000,0.34030000,32337733.00000000,1637539199999,11401433.33800000,45306,16050332.00000000,5666359.83290000,0
1637539200000,0.34050000,0.38500000,0.30990000,0.37240000,59448200.00000000,1637625599999,20875888.16670000,76354,29994831.00000000,10556566.39740000,0
1637625600000,0.37210000,0.38660000,0.35070000,0.35220000,46179164.00000000,1637711999999,16925106.34200000,61101,22204105.00000000,8155052.97930000,0
1637712000000,0.35250000,0.40500000,0.32920000,0.40210000,55562383.00000000,1637798399999,20184407.91240000,80223,28439480.00000000,10334043.05840000,0
1637798400000,0.40220000,0.41000000,0.36100000,0.36590000,32059560.00000000,1637884799999,12265763.74000000,52535,15015088.00000000,5755021.99930000,0
1637884800000,0.36590000,0.38010000,0.31750000,0.33010000,60781744.00000000,1637971199999,21188288.28670000,79602,31335439.00000000,10951937.94230000,0
1637971200000,0.33000000,0.40270000,0.32750000,0.35830000,64845233.00000000,1638057599999,24322042.78080000,85902,32750117.00000000,12286002.18680000,0
1638057600000,0.35820000,0.35870000,0.31290000,0.34530000,34540478.00000000,1638143999999,11583875.86280000,40969,16553606.00000000,5554965.97060000,0
1638144000000,0.34540000,0.37320000,0.33820000,0.35850000,31815333.00000000,1638230399999,11356003.48210000,44550,15707463.00000000,5608233.85600000,0
1638230400000,0.35840000,0.36960000,0.33480000,0.33850000,27917728.00000000,1638316799999,9769036.88070000,37429,13949255.00000000,4884904.10870000,0
1638316800000,0.33890000,0.37770000,0.33610000,0.34720000,35836200.00000000,1638403199999,12897395.64130000,46818,17949808.00000000,6448231.10060000,0
1638403200000,0.34740000,0.34780000,0.32560000,0.33460000,16029223.00000000,1638489599999,5414959.65440000,23001,7272230.00000000,2458573.11610000,0
1638489600000,0.33510000,0.34830000,0.30000000,0.31430000,25945392.00000000,1638575999999,8579638.78450000,35147,12789851.00000000,4231090.51600000,0
1638576000000,0.31410000,0.31430000,0.19470000,0.23850000,71187404.00000000,1638662399999,17278392.99350000,69435,34036665.00000000,8268460.61020000,0
1638662400000,0.23820000,0.24340000,0.20730000,0.21410000,39256135.00000000,1638748799999,8787359.40420000,33874,19325219.00000000,4329956.77440000,0
1638748800000,0.21410000,0.25620000,0.18660000,0.24280000,110168663.00000000,1638835199999,25115449.73120000,98415,56123960.00000000,12815519.44530000,0
1638835200000,0.24300000,0.32300000,0.23690000,0.27660000,191328574.00000000,1638921599999,53951531.40540000,178126,97451573.00000000,27501252.66480000,0
1638921600000,0.27660000,0.39900000,0.24810000,0.36270000,172192294.00000000,1639007999999,55763436.24760000,156642,87377056.00000000,28386521.53750000,0
1639008000000,0.36230000,0.38000000,0.28680000,0.28980000,237873573.00000000,1639094399999,78905188.34080000,230991,119187916.00000000,39611123.73410000,0
1639094400000,0.28980000,0.30060000,0.26440000,0.28580000,85566030.00000000,1639180799999,24180413.41410000,84367,41843205.00000000,11819709.71590000,0
1639180800000,0.28580000,0.29440000,0.26880000,0.27330000,62602284.00000000,1639267199999,17683444.61890000,57963,32239202.00000000,9132299.56720000,0
1639267200000,0.27330000,0.27370000,0.25840000,0.26130000,25524531.00000000,1639353599999,6741063.40160000,26434,12238666.00000000,3233057.54460000,0
1639353600000,0.26100000,0.26230000,0.22070000,0.22550000,44137390.00000000,1639439999999,10484288.25880000,40506,20415532.00000000,4833554.50460000,0
1639440000000,0.22530000,0.24460000,0.22230000,0.23380000,40174380.00000000,1639526399999,9398010.26950000,38168,19788203.00000000,4631822.26710000,0
1639526400000,0.23370000,0.24140000,0.21530000,0.23660000,29623249.00000000,1639612799999,6834740.56970000,25031,14030377.00000000,3238423.74850000,0
1639612800000,0.23700000,0.24920000,0.23180000,0.23260000,25250133.00000000,1639699199999,6129042.45630000,23954,12236888.00000000,2971889.49280000,0
1639699200000,0.23250000,0.24010000,0.22030000,0.23020000,19830180.00000000,1639785599999,4567429.71580000,17526,9731075.00000000,2244538.75810000,0
1639785600000,0.23010000,0.24320000,0.22430000,0.23840000,16513661.00000000,1639871999999,3906471.80800000,19205,7850038.00000000,1857284.35460000,0
1639872000000,0.23820000,0.24470000,0.23270000,0.23290000,13605404.00000000,1639958399999,3244704.43730000,14737,6689508.00000000,1596191.21710000,0
1639958400000,0.23290000,0.23310000,0.21400000,0.22050000,17125045.00000000,1640044799999,3805671.41060000,17073,8220404.00000000,1826403.86500000,0
1640044800000,0.22090000,0.23880000,0.22000000,0.23690000,14749559.00000000,1640131199999,3411003.74030000,15298,7263707.00000000,1680620.55440000,0
1640131200000,0.23710000,0.24670000,0.23220000,0.23860000,24095348.00000000,1640217599999,5770676.86000000,25236,12621699.00000000,3023093.18890000,0
1640217600000,0.23890000,0.26210000,0.23280000,0.25990000,38233826.00000000,1640303999999,9513473.23710000,40116,18946579.00000000,4717650.53750000,0
1640304000000,0.26000000,0.26220000,0.23910000,0.24210000,25129584.00000000,1640390399999,6342586.42250000,26402,11623059.00000000,2935836.11620000,0
1640390400000,0.24210000,0.25570000,0.24000000,0.25080000,21482082.00000000,1640476799999,5318472.88170000,19926,10897046.00000000,2697591.41190000,0
1640476800000,0.25030000,0.25230000,0.23600000,0.24400000,18932782.00000000,1640563199999,4578247.25600000,15953,9227616.00000000,2231072.81670000,0
1640563200000,0.24410000,0.25960000,0.24260000,0.24570000,24821657.00000000,1640649599999,6254411.50820000,24816,12033900.00000000,3033120.16370000,0
1640649600000,0.24550000,0.24550000,0.22100000,0.22260000,30235572.00000000,1640735999999,7007179.77110000,26787,13669576.00000000,3170722.48770000,0
1640736000000,0.22260000,0.22860000,0.20930000,0.21280000,27618635.00000000,1640822399999,6087456.84820000,22970,11806929.00000000,2605440.09450000,0
1640822400000,0.21280000,0.22370000,0.20630000,0.21830000,17874519.00000000,1640908799999,3858440.56500000,14924,9395726.00000000,2030464.07430000,0
1640908800000,0.21840000,0.23310000,0.21120000,0.21980000,26181470.00000000,1640995199999,5823689.67860000,23750,12177493.00000000,2711584.52970000,0
1640995200000,0.21970000,0.22480000,0.21690000,0.22080000,14279936.00000000,1641081599999,3144138.76460000,11438,6760876.00000000,1489726.24230000,0
1641081600000,0.22080000,0.24140000,0.21840000,0.22580000,43826308.00000000,1641167999999,10021703.07630000,39874,21277866.00000000,4866208.23260000,0
1641168000000,0.22580000,0.23220000,0.21850000,0.22730000,23475971.00000000,1641254399999,5315141.64510000,23611,11961766.00000000,2710120.66350000,0
1641254400000,0.22730000,0.23480000,0.22000000,0.22190000,28633844.00000000,1641340799999,6503426.49160000,27750,13599088.00000000,3092701.14860000,0
1641340800000,0.22210000,0.24150000,0.19670000,0.20640000,40474717.00000000,1641427199999,9099376.26390000,41028,19075000.00000000,4291037.51420000,0
1641427200000,0.20640000,0.20800000,0.19240000,0.20480000,22384291.00000000,1641513599999,4496380.00210000,23862,11992653.00000000,2408841.41990000,0
1641513600000,0.20470000,0.20550000,0.18340000,0.18720000,22472348.00000000,1641599999999,4289867.48310000,25620,10451215.00000000,1996881.52750000,0
1641600000000,0.18730000,0.19450000,0.17470000,0.18500000,16336522.30000000,1641686399999,3014210.25169000,18377,7766572.00000000,1435570.03710000,0
1641686400000,0.18510000,0.19300000,0.18180000,0.18840000,13392291.00000000,1641772799999,2503065.97810000,12034,6270610.00000000,1173775.26270000,0
1641772800000,0.18840000,0.19190000,0.16920000,0.17440000,17416785.00000000,1641859199999,3084287.49330000,16633,8979495.00000000,1592094.03030000,0
1641859200000,0.17470000,0.18370000,0.17190000,0.18320000,12831574.00000000,1641945599999,2287677.59800000,12775,6728607.00000000,1199078.28660000,0
1641945600000,0.18320000,0.19610000,0.18320000,0.19560000,16993432.00000000,1642031999999,3233260.19720000,17165,8433835.00000000,1604132.11200000,0
1642032000000,0.19580000,0.20120000,0.18480000,0.18550000,16917967.00000000,1642118399999,3297901.08120000,17864,8039681.00000000,1568416.28920000,0
1642118400000,0.18550000,0.18960000,0.17890000,0.18430000,11242850.00000000,1642204799999,2069698.79740000,11449,5634201.00000000,1036923.78340000,0
1642204800000,0.18440000,0.19170000,0.18280000,0.18610000,8515419.00000000,1642291199999,1591872.68490000,8843,4292961.00000000,802321.65310000,0
1642291200000,0.18610000,0.18840000,0.18170000,0.18530000,8678250.00000000,1642377599999,1606083.85360000,8050,4718746.00000000,873218.95510000,0
1642377600000,0.18520000,0.18600000,0.17430000,0.17670000,10049781.00000000,1642463999999,1791340.23640000,10330,4755474.00000000,847396.01890000,0
1642464000000,0.17670000,0.18130000,0.17090000,0.17920000,9994220.00000000,1642550399999,1756166.92440000,12037,4870628.00000000,857121.61760000,0
1642550400000,0.17890000,0.17960000,0.16570000,0.16860000,11071763.00000000,1642636799999,1895708.81200000,11891,5117042.00000000,873790.69980000,0
1642636800000,0.16870000,0.18160000,0.16780000,0.16930000,23098341.00000000,1642723199999,4063313.94650000,17713,10583663.00000000,1860061.94990000,0
1642723200000,0.16890000,0.17310000,0.13440000,0.13800000,40537322.00000000,1642809599999,6228665.47636000,27727,19005895.00000000,2920858.58220000,0
1642809600000,0.13800000,0.14110000,0.11230000,0.12110000,58640954.60000000,1642895999999,7400460.67470000,35697,29209030.00000000,3681828.04840000,0
1642896000000,0.12110000,0.12970000,0.11770000,0.12470000,33051526.00000000,1642982399999,4085542.48310000,21769,15947190.00000000,1974261.55430000,0
1642982400000,0.12470000,0.12530000,0.10510000,0.11970000,47556443.00000000,1643068799999,5425218.72090000,25750,23621405.00000000,2694531.32450000,0
1643068800000,0.11970000,0.12400000,0.11710000,0.12080000,17639831.00000000,1643155199999,2124087.79510000,11982,8275137.00000000,997289.98520000,0
1643155200000,0.12100000,0.13480000,0.11900000,0.12210000,20940251.00000000,1643241599999,2654207.89020000,14377,10299103.00000000,1305074.46700000,0
1643241600000,0.12230000,0.12560000,0.11560000,0.11990000,15587354.00000000,1643327999999,1882951.73420000,9727,8257853.00000000,997104.35990000,0
1643328000000,0.11970000,0.12820000,0.11760000,0.12770000,17864292.00000000,1643414399999,2190100.66510000,9298,8692129.00000000,1066169.35370000,0
1643414400000,0.12770000,0.13310000,0.12690000,0.13050000,15827055.00000000,1643500799999,2049815.23990000,8196,7776417.00000000,1007003.55170000,0
1643500800000,0.13070000,0.13440000,0.12560000,0.12750000,14273065.00000000,1643587199999,1859543.38400000,7990,7083995.00000000,924089.94990000,0
1643587200000,0.12770000,0.13100000,0.12120000,0.13050000,12556715.00000000,1643673599999,1581439.60940000,7783,6474138.00000000,816198.67410000,0
1643673600000,0.13040000,0.13870000,0.12980000,0.13450000,18634259.00000000,1643759999999,2524939.47530000,13724,9120076.00000000,1235808.97200000,0
1643760000000,0.13450000,0.13690000,0.12690000,0.12880000,18474019.00000000,1643846399999,2440234.64180000,20533,9218311.00000000,1218994.54100000,0
1643846400000,0.12880000,0.13760000,0.12520000,0.13610000,22920426.00000000,1643932799999,3017959.17290000,24266,11354450.00000000,1495830.48610000,0
1643932800000,0.13590000,0.18400000,0.13390000,0.16980000,104182338.00000000,1644019199999,16713798.15160000,86857,51131481.10000000,8206786.32830000,0
1644019200000,0.16990000,0.17880000,0.16010000,0.16140000,59577737.00000000,1644105599999,10119929.08790000,51369,30144817.00000000,5120262.91310000,0
1644105600000,0.16140000,0.17000000,0.15830000,0.16330000,24738519.00000000,1644191999999,4018789.14930000,19732,12944854.00000000,2103802.39790000,0
1644192000000,0.16330000,0.17410000,0.15890000,0.16730000,25579139.00000000,1644278399999,4271112.86240000,20171,12273708.00000000,2048571.47430000,0
1644278400000,0.16730000,0.19120000,0.16510000,0.17590000,75169633.00000000,1644364799999,13463476.44730000,65056,36432051.00000000,6527275.67690000,0
1644364800000,0.17610000,0.21470000,0.16960000,0.20000000,66802929.00000000,1644451199999,13058893.70830000,69220,32151538.00000000,6287824.06210000,0
1644451200000,0.20000000,0.22220000,0.19270000,0.20480000,79463602.00000000,1644537599999,16328513.75840000,88925,39249508.00000000,8066591.00660000,0
1644537600000,0.20490000,0.22050000,0.18700000,0.19000000,46865397.00000000,1644623999999,9739087.31900000,56364,22546112.00000000,4690779.26520000,0
1644624000000,0.19000000,0.22220000,0.18930000,0.21190000,62732178.00000000,1644710399999,13154235.49690000,74410,30736486.00000000,6439481.32900000,0
1644710400000,0.21210000,0.21940000,0.19560000,0.19560000,26121965.00000000,1644796799999,5409157.62450000,35279,13029384.00000000,2698714.02910000,0
1644796800000,0.19590000,0.21440000,0.18700000,0.21290000,34114064.00000000,1644883199999,6895801.45190000,39602,16819448.00000000,3409849.86160000,0
1644883200000,0.21310000,0.23370000,0.21090000,0.22870000,54430604.00000000,1644969599999,12201250.09150000,52577,27175853.00000000,6088319.40820000,0
1644969600000,0.22890000,0.24750000,0.22550000,0.24010000,52339323.00000000,1645055999999,12339957.94950000,64780,27099624.00000000,6393888.99290000,0
1645056000000,0.23990000,0.24530000,0.21180000,0.21400000,59459340.00000000,1645142399999,13845443.12460000,60797,28905346.00000000,6747561.40290000,0
1645142400000,0.21410000,0.21420000,0.18850000,0.18910000,70998329.00000000,1645228799999,14439989.32250000,59576,33314401.00000000,6774682.61860000,0
1645228800000,0.18900000,0.19460000,0.18010000,0.19020000,31331058.00000000,1645315199999,5881256.21760000,27031,15747109.00000000,2957750.53670000,0
1645315200000,0.19010000,0.19050000,0.17100000,0.17700000,30753224.00000000,1645401599999,5424161.60150000,28546,15374307.00000000,2709540.89480000,0
1645401600000,0.17680000,0.18680000,0.15800000,0.15890000,43950109.00000000,1645487999999,7633371.20170000,38281,21331346.00000000,3706938.20710000,0
1645488000000,0.15900000,0.17430000,0.15580000,0.17410000,34958633.00000000,1645574399999,5802253.67230000,32044,18122286.00000000,3009136.47640000,0
1645574400000,0.17440000,0.18000000,0.16110000,0.16130000,30373365.00000000,1645660799999,5252323.15560000,26367,14958133.00000000,2591416.28070000,0
1645660800000,0.16130000,0.16180000,0.13370000,0.15940000,53671562.00000000,1645747199999,7852800.83650000,56609,26592471.00000000,3885391.25620000,0
1645747200000,0.15960000,0.17370000,0.15590000,0.17030000,26975037.00000000,1645833599999,4398928.03440000,29148,13665633.00000000,2230531.20880000,0
1645833600000,0.17030000,0.17500000,0.16230000,0.16340000,14797312.00000000,1645919999999,2497822.76830000,17222,7436549.00000000,1256973.12180000,0
1645920000000,0.16350000,0.16850000,0.14910000,0.15220000,20628740.00000000,1646006399999,3278290.24680000,20703,9595229.00000000,1526433.46160000,0
1646006400000,0.15240000,0.16820000,0.14810000,0.16800000,24550379.00000000,1646092799999,3824648.25190000,22376,12406891.00000000,1934901.72630000,0
1646092800000,0.16800000,0.17410000,0.16370000,0.16850000,23411130.00000000,1646179199999,3937205.77880000,24298,11887459.00000000,2001577.55630000,0
1646179200000,0.16860000,0.16870000,0.15680000,0.15820000,18120717.00000000,1646265599999,2950573.44610000,17777,8410795.00000000,1370133.56140000,0
1646265600000,0.15810000,0.16110000,0.14640000,0.15060000,20116257.00000000,1646351999999,3090490.49290000,16698,9180052.00000000,1411080.60570000,0
1646352000000,0.15060000,0.15150000,0.13830000,0.13980000,17330659.00000000,1646438399999,2526086.63560000,15667,7970912.00000000,1163778.49960000,0
1646438400000,0.13970000,0.14760000,0.13610000,0.14620000,11576956.00000000,1646524799999,1655336.74180000,11251,5861088.00000000,838347.57440000,0
1646524800000,0.14640000,0.14740000,0.13600000,0.13700000,15547857.00000000,1646611199999,2191957.11180000,14596,7565557.00000000,1067223.75750000,0
1646611200000,0.13690000,0.14900000,0.13220000,0.13690000,21329872.00000000,1646697599999,2969046.89260000,19699,10526301.00000000,1465103.35240000,0
1646697600000,0.13680000,0.14990000,0.13600000,0.14290000,18895344.00000000,1646783999999,2706141.62900000,19292,9548384.00000000,1369393.79790000,0
1646784000000,0.14290000,0.15650000,0.14150000,0.15280000,22155162.00000000,1646870399999,3349152.75610000,17932,11165605.00000000,1687667.74260000,0
1646870400000,0.15280000,0.15610000,0.13670000,0.14560000,23330754.00000000,1646956799999,3358016.55630000,18768,11313978.00000000,1629704.97590000,0
1646956800000,0.14560000,0.14810000,0.13770000,0.13980000,14678869.00000000,1647043199999,2098016.73380000,13580,6748169.00000000,965043.64480000,0
1647043200000,0.13980000,0.17740000,0.13280000,0.13310000,44313916.00000000,1647129599999,6285572.41530000,37204,20552637.00000000,2943663.19850000,0
1647129600000,0.13300000,0.13690000,0.13150000,0.13580000,7455663.00000000,1647215999999,1005952.53900000,5234,3496041.00000000,471866.65180000,0
